const bottomRight = [
  0.9719520211219788, -0.0013217255473136902, 0.23517565429210663,
  0, 0.02871791273355484, -0.9918336272239685, -0.12426192313432693,
  0, 0.23341935873031616, 0.12753041088581085, -0.963977038860321,
  0, -3.6712286472320557, 2.5231964588165283, 12.1195707321167, 1];

const topRight = [
  0.6663160920143127, -0.22658585011959076, 0.71040940284729,
  0, 0.09793759882450104, -0.9178673624992371, -0.3846135139465332,
  0, 0.7392096519470215, 0.32585006952285767, -0.5893985629081726,
  0, -2.45322585105896, -1.819854974746704, 6.738912582397461, 1];

const topLeft = [
  0.9389816522598267, -0.07876527309417725, 0.33482789993286133,
  0, -0.025749994441866875, -0.9867938756942749, -0.15992194414138794,
  0, 0.3430023491382599, 0.14154191315174103, -0.9286094307899475,
  0, 3.892700433731079, -2.5254251956939697, 9.482739448547363, 1];

const bottomLeft = [
  0.9874948263168335, -0.018537849187850952, -0.1565571725368499
  , 0, -0.023711897432804108, -0.9992303252220154, -0.031246021389961243,
  0, -0.15585748851299286, 0.03456755355000496, -0.9871745705604553,
  0, 3.6018340587615967, 3.0015382766723633, 9.926087379455566, 1];

const far = [
  0.9394176602363586, 0.18282437324523926, -0.28994807600975037,
  0, 0.0467538945376873, -0.9063220620155334, -0.4199935793876648,
  0, -0.33957138657569885, 0.38099318742752075, -0.8599625825881958,
  0, 0.6621795892715454, 0.5672515034675598, 12.163362503051758, 1
];

const near = [
  0.9393786191940308, 0.14755313098430634, -0.30950927734375,
  0, 0.0928037092089653, -0.9783909320831299, -0.1847662329673767,
  0, -0.330083966255188, 0.14484192430973053, -0.9327728152275085,
  0, -0.11223232746124268, 0.049950193613767624, 3.376398801803589, 1
];